20.000000
3.000000
8.000000
3.000000
0.700000
2.200000
14.000000
1.750000
2.666667
1.111111
4.000000
8.666667
3.333333
1.571429
2.000000
2.222222
1.500000
3.000000
2.888889
1.714286
-3.000000
-8.222222
4.000000
6.800000
30.333333
-5.200000
-0.625000
17.000000
-89.000000
-36.000000
1.777778
-8.500000
-7.300000
-8.500000
-13.500000
16.250000
-8.500000
8.200000
6.500000
-9.000000
1.263158
1.#INF00
3.956522
1.380952
1.038462
2.571429
2.789474
3.294118
3.277778
2.550000
2.000000
0.428571
0.454545
1.363636
10.555556
5.000000
1.181818
8.416667
5.076923
4.357143
4.583333
9.250000
4.066667
2.187500
0.789474
5.636364
15.833333
17.500000
7.833333
11.857143
2.857143
11.000000
7.285714
10.555556
6.888889
20.500000
5.818182
3.263158
2.909091
3.000000
16.300000
13.818182
6.250000
6.000000
3.857143
5.941176
10.000000
9.538462
12.222222
10.666667
35.600000
0.555556
8.700000
2.166667
18.000000
5.300000
10.625000
8.470588
9.923077
10.000000
3.880000
5.176471
4.636364
7.200000
7.538462
7.590909
3.185185
19.300000
4.916667
3.238095
7.555556
13.363636
2.461538
3.444444
5.600000
3.235294
8.750000
3.892857
7.111111
2.217391
