-896.134000
82.696930
0.547514
2980.514000
61.040333
6.523888
-1387.152000
49.370802
34.254000
73.106341
121.438000
10.522897
152.005000
71.376000
1.467286
38.456667
6.000000
-7377.080000
-81.589393
-2174.906000
0.363258
40.421000
-0.382700
-1952.876000
-2.455452
-88.949329
455.284000
4893.420000
-206.856000
1789.876000
-23.959000
47.877000
-78.387800
9450.030000
0.893405
-25.872425
-61.458000
-75.678200
1.338067
-75.127000
3.666667
65.000000
13160.000000
44.000000
560.000000
1225.000000
-8.088889
170.000000
7.666667
11.333333
7134.000000
24570.000000
33.333333
0.000000
-42.000000
0.652174
1900.000000
2088.000000
12.333333
21.000000
3.000000
460.600000
357.000000
169.000000
156.000000
9600.000000
30.000000
4480.000000
87.000000
1.750000
54.000000
60.000000
174.000000
36.222222
2886.000000
4200.000000
2090.000000
68.000000
56.000000
-7.000000
